                   count         mean        std      min      25%      50%       75%      max
p (mbar)         70091.0   989.212842   8.358886   913.60   984.20   989.57   994.720  1015.29
T (degC)         70091.0     9.450482   8.423384   -22.76     3.35     9.41    15.480    37.28
Tpot (K)         70091.0   283.493086   8.504424   250.85   277.44   283.46   289.530   311.21
Tdew (degC)      70091.0     4.956471   6.730081   -24.80     0.24     5.21    10.080    23.06
rh (%)           70091.0    76.009788  16.474920    13.88    65.21    79.30    89.400   100.00
VPmax (mbar)     70091.0    13.576576   7.739883     0.97     7.77    11.82    17.610    63.77
VPact (mbar)     70091.0     9.533968   4.183658     0.81     6.22     8.86    12.360    28.25
VPdef (mbar)     70091.0     4.042536   4.898549     0.00     0.87     2.19     5.300    46.01
sh (g/kg)        70091.0     6.022560   2.655812     0.51     3.92     5.59     7.800    18.07
H2OC (mmol/mol)  70091.0     9.640437   4.234862     0.81     6.29     8.96    12.490    28.74
rho (g/m**3)     70091.0  1216.061232  39.974263  1059.45  1187.47  1213.80  1242.765  1393.54
wv (m/s)         70091.0     1.702567  65.447512 -9999.00     0.99     1.76     2.860    14.01
max. wv (m/s)    70091.0     2.963041  75.597657 -9999.00     1.76     2.98     4.740    23.50
wd (deg)         70091.0   174.789095  86.619431     0.00   125.30   198.10   234.000   360.00